Material:
  UUID: 17229211357820178511
  Shader: 2339624905484583992
  AlbedoColor: [0.877451003, 0.571051598, 0.133338153, 1]
  Metalicness: 0.849999964
  Roughness: 0.849999964
  AlbedoMap: 0