Material:
  UUID: 1837901151889460311
  Shader: 3817181828758911322
  AlbedoColor: [0.936274529, 0.836383641, 0.0872020498, 1]
  Metalicness: 1
  Roughness: 1
  AlbedoMap: 0