Material:
  UUID: 15323823404803264542
  Shader: 3817181828758911322
  AlbedoColor: [0.926470578, 0.79890728, 0.0590397753, 1]
  Metalicness: 1
  Roughness: 1
  AlbedoMap: 0