Material:
  UUID: 988511922102612467
  Shader: 3371212649963697754
  AlbedoColor: [0.950980365, 0.740382612, 0.0559400171, 1]
  Metalicness: 1
  Roughness: 1
  AlbedoMap: 0
  NormalMap: 0
  MetallicMap: 0
  RoughnessMap: 0