Material:
  Shader: 14543399164346579054
  AlbedoColor: [0.303688318, 0.892156839, 0.0918396562, 1]
  Glossiness: 1
  AlbedoMap: 0
  NormalMap: 0
  MetallicMap: 0
  RoughnessMap: 0