Material:
  Shader: 14543399164346579054
  AlbedoColor: [0.862745106, 0.176470593, 0.176470593, 1]
  Glossiness: 0.99999994
  AlbedoMap: 0
  NormalMap: 0
  MetallicMap: 0
  RoughnessMap: 0