Material:
  Shader: 14543399164346579054
  AlbedoColor: [0.857843161, 0.176614776, 0.176614776, 1]
  Metalicness: 1
  Roughness: 1
  AlbedoMap: 0
  NormalMap: 0
  MetallicMap: 0
  RoughnessMap: 0