Material:
  Shader: 1468601051210103437
  AlbedoColor: [0.950980365, 0.656883895, 0.0419549979, 1]
  Glossiness: 1
  AlbedoMap: 17062180428662021780
  NormalMap: 0
  MetallicMap: 0
  RoughnessMap: 0