Material:
  UUID: 9882803358147495555
  Shader: 1159462408460830113
  AlbedoColor: [1, 0.871972322, 0.45588237, 1]
  Metalicness: 1
  Roughness: 1
  AlbedoMap: 5078550172950226645
  NormalMap: 0
  MetallicMap: 0
  RoughnessMap: 0