Material:
  UUID: 557546327336039910
  Shader: 623115434739182543
  AlbedoColor: [0.95588237, 0.688521922, 0.0468570031, 1]
  Metalicness: 1
  Roughness: 1
  AlbedoMap: 0
  NormalMap: 0
  MetallicMap: 0
  RoughnessMap: 0